          1       99.987910
         11       99.867020
         21       99.746280
         31       99.625690
         41       99.505250
         51       99.384950
         61       99.264800
         71       99.144790
         81       99.024930
         91       98.905210
        101       98.785640
        111       98.666210
        121       98.546920
        131       98.427780
        141       98.308780
        151       98.189930
        161       98.071230
        171       97.952660
        181       97.834240
        191       97.715960
        201       97.597820
        211       97.479840
        221       97.361980
        231       97.244280
        241       97.126710
        251       97.009280
        261       96.892010
        271       96.774860
        281       96.657870
        291       96.541020
        301       96.424290
        311       96.307720
        321       96.191290
        331       96.075000
        341       95.958850
        351       95.842830
        361       95.726970
        371       95.611240
        381       95.495640
        391       95.380190
        401       95.264880
        411       95.149700
        421       95.034680
        431       94.919780
        441       94.805020
        451       94.690410
        461       94.575930
        471       94.461590
        481       94.347390
        491       94.233330
        501       94.119400
        511       94.005620
        521       93.891970
        531       93.778450
        541       93.665080
        551       93.551840
        561       93.438740
        571       93.325780
        581       93.212940
        591       93.100260
        601       92.987700
        611       92.875280
        621       92.762990
        631       92.650850
        641       92.538830
        651       92.426960
        661       92.315220
        671       92.203610
        681       92.092140
        691       91.980800
        701       91.869610
        711       91.758540
        721       91.647610
        731       91.536800
        741       91.426140
        751       91.315610
        761       91.205210
        771       91.094950
        781       90.984820
        791       90.874820
        801       90.764950
        811       90.655220
        821       90.545620
        831       90.436160
        841       90.326820
        851       90.217610
        861       90.108540
        871       89.999610
        881       89.890800
        891       89.782130
        901       89.673580
        911       89.565170
        921       89.456890
        931       89.348740
        941       89.240720
        951       89.132830
        961       89.025070
        971       88.917440
        981       88.809940
        991       88.702580
       1001       88.595340
       1011       88.488230
       1021       88.381250
       1031       88.274400
       1041       88.167680
       1051       88.061080
       1061       87.954620
       1071       87.848290
       1081       87.742080
       1091       87.636000
       1101       87.530050
       1111       87.424230
       1121       87.318540
       1131       87.212970
       1141       87.107540
       1151       87.002230
       1161       86.897040
       1171       86.791990
       1181       86.687060
       1191       86.582260
       1201       86.477580
       1211       86.373030
       1221       86.268610
       1231       86.164310
       1241       86.060140
       1251       85.956100
       1261       85.852180
       1271       85.748390
       1281       85.644720
       1291       85.541180
       1301       85.437770
       1311       85.334470
       1321       85.231310
       1331       85.128270
       1341       85.025340
       1351       84.922550
       1361       84.819890
       1371       84.717340
       1381       84.614920
       1391       84.512630
       1401       84.410450
       1411       84.308400
       1421       84.206470
       1431       84.104680
       1441       84.002990
       1451       83.901440
       1461       83.800000
       1471       83.698690
       1481       83.597500
       1491       83.496440
       1501       83.395490
       1511       83.294670
       1521       83.193960
       1531       83.093380
       1541       82.992930
       1551       82.892590
       1561       82.792380
       1571       82.692280
       1581       82.592320
       1591       82.492460
       1601       82.392730
       1611       82.293120
       1621       82.193630
       1631       82.094260
       1641       81.995010
       1651       81.895880
       1661       81.796880
       1671       81.697980
       1681       81.599210
       1691       81.500560
       1701       81.402030
       1711       81.303620
       1721       81.205320
       1731       81.107150
       1741       81.009090
       1751       80.911160
       1761       80.813340
       1771       80.715640
       1781       80.618060
       1791       80.520590
       1801       80.423240
       1811       80.326010
       1821       80.228900
       1831       80.131900
       1841       80.035030
       1851       79.938270
       1861       79.841630
       1871       79.745100
       1881       79.648690
       1891       79.552400
       1901       79.456220
       1911       79.360160
       1921       79.264220
       1931       79.168390
       1941       79.072680
       1951       78.977080
       1961       78.881600
       1971       78.786240
       1981       78.690990
       1991       78.595850
       2001       78.500830
       2011       78.405930
       2021       78.311130
       2031       78.216460
       2041       78.121900
       2051       78.027450
       2061       77.933120
       2071       77.838900
       2081       77.744800
       2091       77.650800
       2101       77.556930
       2111       77.463170
       2121       77.369510
       2131       77.275980
       2141       77.182550
       2151       77.089240
       2161       76.996040
       2171       76.902950
       2181       76.809980
       2191       76.717120
       2201       76.624370
       2211       76.531740
       2221       76.439210
       2231       76.346800
       2241       76.254500
       2251       76.162310
       2261       76.070230
       2271       75.978260
       2281       75.886410
       2291       75.794660
       2301       75.703030
       2311       75.611510
       2321       75.520100
       2331       75.428790
       2341       75.337610
       2351       75.246520
       2361       75.155560
       2371       75.064690
       2381       74.973950
       2391       74.883300
       2401       74.792770
       2411       74.702350
       2421       74.612040
       2431       74.521830
       2441       74.431740
       2451       74.341750
       2461       74.251880
       2471       74.162110
       2481       74.072450
       2491       73.982890
       2501       73.893460
       2511       73.804120
       2521       73.714890
       2531       73.625770
       2541       73.536760
       2551       73.447850
       2561       73.359060
       2571       73.270370
       2581       73.181790
       2591       73.093320
       2601       73.004950
       2611       72.916690
       2621       72.828540
       2631       72.740490
       2641       72.652540
       2651       72.564710
       2661       72.476980
       2671       72.389360
       2681       72.301840
       2691       72.214430
       2701       72.127130
       2711       72.039920
       2721       71.952840
       2731       71.865840
       2741       71.778960
       2751       71.692180
       2761       71.605510
       2771       71.518940
       2781       71.432480
       2791       71.346120
       2801       71.259860
       2811       71.173710
       2821       71.087660
       2831       71.001720
       2841       70.915890
       2851       70.830150
       2861       70.744510
       2871       70.658990
       2881       70.573560
       2891       70.488240
       2901       70.403020
       2911       70.317910
       2921       70.232890
       2931       70.147990
       2941       70.063180
       2951       69.978480
       2961       69.893880
       2971       69.809370
       2981       69.724980
       2991       69.640690
       3001       69.556490
       3011       69.472400
       3021       69.388400
       3031       69.304520
       3041       69.220730
       3051       69.137050
       3061       69.053460
       3071       68.969980
       3081       68.886600
       3091       68.803310
       3101       68.720130
       3111       68.637050
       3121       68.554070
       3131       68.471190
       3141       68.388410
       3151       68.305730
       3161       68.223150
       3171       68.140680
       3181       68.058300
       3191       67.976010
       3201       67.893840
       3211       67.811750
       3221       67.729770
       3231       67.647890
       3241       67.566100
       3251       67.484420
       3261       67.402830
       3271       67.321340
       3281       67.239950
       3291       67.158660
       3301       67.077470
       3311       66.996380
       3321       66.915380
       3331       66.834480
       3341       66.753680
       3351       66.672970
       3361       66.592370
       3371       66.511860
       3381       66.431450
       3391       66.351140
       3401       66.270920
       3411       66.190800
       3421       66.110780
       3431       66.030850
       3441       65.951030
       3451       65.871290
       3461       65.791660
       3471       65.712110
       3481       65.632680
       3491       65.553320
       3501       65.474080
       3511       65.394910
       3521       65.315860
       3531       65.236890
       3541       65.158020
       3551       65.079250
       3561       65.000570
       3571       64.921980
       3581       64.843500
       3591       64.765110
       3601       64.686810
       3611       64.608600
       3621       64.530490
       3631       64.452480
       3641       64.374550
       3651       64.296730
       3661       64.218990
       3671       64.141360
       3681       64.063810
       3691       63.986360
       3701       63.909000
       3711       63.831740
       3721       63.754570
       3731       63.677490
       3741       63.600510
       3751       63.523610
       3761       63.446820
       3771       63.370110
       3781       63.293500
       3791       63.216980
       3801       63.140550
       3811       63.064220
       3821       62.987970
       3831       62.911820
       3841       62.835770
       3851       62.759800
       3861       62.683930
       3871       62.608140
       3881       62.532450
       3891       62.456850
       3901       62.381340
       3911       62.305920
       3921       62.230600
       3931       62.155360
       3941       62.080220
       3951       62.005170
       3961       61.930210
       3971       61.855330
       3981       61.780550
       3991       61.705860
       4001       61.631260
       4011       61.556750
       4021       61.482330
       4031       61.408000
       4041       61.333760
       4051       61.259610
       4061       61.185550
       4071       61.111580
       4081       61.037690
       4091       60.963900
       4101       60.890200
       4111       60.816590
       4121       60.743060
       4131       60.669620
       4141       60.596280
       4151       60.523020
       4161       60.449840
       4171       60.376760
       4181       60.303770
       4191       60.230870
       4201       60.158050
       4211       60.085320
       4221       60.012680
       4231       59.940120
       4241       59.867660
       4251       59.795280
       4261       59.722990
       4271       59.650790
       4281       59.578670
       4291       59.506640
       4301       59.434700
       4311       59.362850
       4321       59.291080
       4331       59.219390
       4341       59.147800
       4351       59.076290
       4361       59.004870
       4371       58.933540
       4381       58.862290
       4391       58.791130
       4401       58.720050
       4411       58.649060
       4421       58.578160
       4431       58.507340
       4441       58.436600
       4451       58.365950
       4461       58.295390
       4471       58.224910
       4481       58.154520
       4491       58.084210
       4501       58.013990
       4511       57.943860
       4521       57.873800
       4531       57.803840
       4541       57.733950
       4551       57.664150
       4561       57.594440
       4571       57.524810
       4581       57.455270
       4591       57.385800
       4601       57.316430
       4611       57.247130
       4621       57.177920
       4631       57.108800
       4641       57.039750
       4651       56.970790
       4661       56.901920
       4671       56.833120
       4681       56.764420
       4691       56.695790
       4701       56.627240
       4711       56.558780
       4721       56.490410
       4731       56.422110
       4741       56.353900
       4751       56.285770
       4761       56.217720
       4771       56.149750
       4781       56.081870
       4791       56.014070
       4801       55.946350
       4811       55.878720
       4821       55.811160
       4831       55.743680
       4841       55.676290
       4851       55.608980
       4861       55.541750
       4871       55.474600
       4881       55.407540
       4891       55.340550
       4901       55.273650
       4911       55.206820
       4921       55.140080
       4931       55.073410
       4941       55.006830
       4951       54.940330
       4961       54.873910
       4971       54.807570
       4981       54.741310
       4991       54.675130
       5001       54.609030
       5011       54.543010
       5021       54.477070
       5031       54.411210
       5041       54.345420
       5051       54.279720
       5061       54.214100
       5071       54.148560
       5081       54.083090
       5091       54.017710
       5101       53.952400
       5111       53.887180
       5121       53.822030
       5131       53.756960
       5141       53.691970
       5151       53.627060
       5161       53.562220
       5171       53.497470
       5181       53.432790
       5191       53.368190
       5201       53.303670
       5211       53.239230
       5221       53.174870
       5231       53.110580
       5241       53.046370
       5251       52.982240
       5261       52.918180
       5271       52.854210
       5281       52.790310
       5291       52.726490
       5301       52.662740
       5311       52.599080
       5321       52.535480
       5331       52.471970
       5341       52.408540
       5351       52.345170
       5361       52.281890
       5371       52.218680
       5381       52.155550
       5391       52.092490
       5401       52.029520
       5411       51.966620
       5421       51.903790
       5431       51.841040
       5441       51.778370
       5451       51.715770
       5461       51.653240
       5471       51.590800
       5481       51.528430
       5491       51.466130
       5501       51.403910
       5511       51.341760
       5521       51.279690
       5531       51.217700
       5541       51.155780
       5551       51.093930
       5561       51.032160
       5571       50.970460
       5581       50.908840
       5591       50.847290
       5601       50.785820
       5611       50.724420
       5621       50.663100
       5631       50.601850
       5641       50.540670
       5651       50.479570
       5661       50.418540
       5671       50.357590
       5681       50.296710
       5691       50.235900
       5701       50.175170
       5711       50.114510
       5721       50.053920
       5731       49.993410
       5741       49.932960
       5751       49.872600
       5761       49.812310
       5771       49.752080
       5781       49.691930
       5791       49.631860
       5801       49.571850
       5811       49.511920
       5821       49.452060
       5831       49.392280
       5841       49.332570
       5851       49.272920
       5861       49.213360
       5871       49.153860
       5881       49.094430
       5891       49.035080
       5901       48.975800
       5911       48.916590
       5921       48.857450
       5931       48.798380
       5941       48.739380
       5951       48.680460
       5961       48.621610
       5971       48.562820
       5981       48.504120
       5991       48.445470
       6001       48.386910
       6011       48.328410
       6021       48.269980
       6031       48.211620
       6041       48.153340
       6051       48.095120
       6061       48.036980
       6071       47.978900
       6081       47.920890
       6091       47.862960
       6101       47.805100
       6111       47.747300
       6121       47.689580
       6131       47.631920
       6141       47.574330
       6151       47.516820
       6161       47.459370
       6171       47.402000
       6181       47.344690
       6191       47.287450
       6201       47.230280
       6211       47.173180
       6221       47.116150
       6231       47.059190
       6241       47.002300
       6251       46.945470
       6261       46.888710
       6271       46.832030
       6281       46.775410
       6291       46.718860
       6301       46.662380
       6311       46.605960
       6321       46.549620
       6331       46.493340
       6341       46.437130
       6351       46.380990
       6361       46.324920
       6371       46.268910
       6381       46.212970
       6391       46.157100
       6401       46.101300
       6411       46.045570
       6421       45.989900
       6431       45.934300
       6441       45.878770
       6451       45.823300
       6461       45.767900
       6471       45.712570
       6481       45.657310
       6491       45.602110
       6501       45.546970
       6511       45.491910
       6521       45.436910
       6531       45.381980
       6541       45.327110
       6551       45.272320
       6561       45.217580
       6571       45.162920
       6581       45.108310
       6591       45.053780
       6601       44.999310
       6611       44.944910
       6621       44.890570
       6631       44.836300
       6641       44.782100
       6651       44.727950
       6661       44.673880
       6671       44.619870
       6681       44.565930
       6691       44.512050
       6701       44.458240
       6711       44.404490
       6721       44.350800
       6731       44.297180
       6741       44.243630
       6751       44.190140
       6761       44.136720
       6771       44.083360
       6781       44.030060
       6791       43.976830
       6801       43.923660
       6811       43.870560
       6821       43.817520
       6831       43.764550
       6841       43.711640
       6851       43.658790
       6861       43.606010
       6871       43.553300
       6881       43.500640
       6891       43.448050
       6901       43.395520
       6911       43.343060
       6921       43.290660
       6931       43.238320
       6941       43.186050
       6951       43.133830
       6961       43.081690
       6971       43.029600
       6981       42.977580
       6991       42.925620
       7001       42.873730
       7011       42.821900
       7021       42.770120
       7031       42.718420
       7041       42.666770
       7051       42.615190
       7061       42.563670
       7071       42.512210
       7081       42.460820
       7091       42.409480
       7101       42.358210
       7111       42.307000
       7121       42.255850
       7131       42.204770
       7141       42.153740
       7151       42.102780
       7161       42.051880
       7171       42.001040
       7181       41.950260
       7191       41.899540
       7201       41.848890
       7211       41.798290
       7221       41.747760
       7231       41.697290
       7241       41.646880
       7251       41.596530
       7261       41.546240
       7271       41.496010
       7281       41.445840
       7291       41.395740
       7301       41.345690
       7311       41.295710
       7321       41.245780
       7331       41.195920
       7341       41.146110
       7351       41.096370
       7361       41.046680
       7371       40.997060
       7381       40.947490
       7391       40.897990
       7401       40.848550
       7411       40.799160
       7421       40.749840
       7431       40.700570
       7441       40.651370
       7451       40.602220
       7461       40.553130
       7471       40.504100
       7481       40.455140
       7491       40.406230
       7501       40.357380
       7511       40.308590
       7521       40.259860
       7531       40.211180
       7541       40.162570
       7551       40.114010
       7561       40.065520
       7571       40.017080
       7581       39.968700
       7591       39.920380
       7601       39.872120
       7611       39.823910
       7621       39.775760
       7631       39.727680
       7641       39.679650
       7651       39.631680
       7661       39.583760
       7671       39.535910
       7681       39.488110
       7691       39.440370
       7701       39.392690
       7711       39.345060
       7721       39.297500
       7731       39.249990
       7741       39.202530
       7751       39.155140
       7761       39.107800
       7771       39.060520
       7781       39.013300
       7791       38.966130
       7801       38.919030
       7811       38.871970
       7821       38.824980
       7831       38.778040
       7841       38.731160
       7851       38.684330
       7861       38.637570
       7871       38.590850
       7881       38.544200
       7891       38.497600
       7901       38.451060
       7911       38.404570
       7921       38.358140
       7931       38.311770
       7941       38.265450
       7951       38.219190
       7961       38.172990
       7971       38.126830
       7981       38.080740
       7991       38.034700
       8001       37.988720
       8011       37.942790
       8021       37.896920
       8031       37.851100
       8041       37.805340
       8051       37.759640
       8061       37.713990
       8071       37.668390
       8081       37.622850
       8091       37.577370
       8101       37.531940
       8111       37.486560
       8121       37.441240
       8131       37.395980
       8141       37.350770
       8151       37.305610
       8161       37.260510
       8171       37.215460
       8181       37.170470
       8191       37.125530
       8201       37.080650
       8211       37.035820
       8221       36.991040
       8231       36.946320
       8241       36.901660
       8251       36.857040
       8261       36.812480
       8271       36.767980
       8281       36.723530
       8291       36.679130
       8301       36.634780
       8311       36.590500
       8321       36.546260
       8331       36.502080
       8341       36.457950
       8351       36.413870
       8361       36.369850
       8371       36.325870
       8381       36.281960
       8391       36.238090
       8401       36.194290
       8411       36.150530
       8421       36.106820
       8431       36.063170
       8441       36.019570
       8451       35.976020
       8461       35.932530
       8471       35.889090
       8481       35.845700
       8491       35.802360
       8501       35.759080
       8511       35.715850
       8521       35.672670
       8531       35.629540
       8541       35.586470
       8551       35.543450
       8561       35.500470
       8571       35.457550
       8581       35.414690
       8591       35.371870
       8601       35.329110
       8611       35.286400
       8621       35.243740
       8631       35.201130
       8641       35.158570
       8651       35.116070
       8661       35.073610
       8671       35.031210
       8681       34.988860
       8691       34.946560
       8701       34.904310
       8711       34.862110
       8721       34.819960
       8731       34.777870
       8741       34.735820
       8751       34.693820
       8761       34.651880
       8771       34.609990
       8781       34.568150
       8791       34.526360
       8801       34.484610
       8811       34.442920
       8821       34.401280
       8831       34.359690
       8841       34.318150
       8851       34.276660
       8861       34.235220
       8871       34.193830
       8881       34.152500
       8891       34.111210
       8901       34.069970
       8911       34.028780
       8921       33.987640
       8931       33.946550
       8941       33.905510
       8951       33.864520
       8961       33.823570
       8971       33.782680
       8981       33.741840
       8991       33.701050
       9001       33.660310
       9011       33.619610
       9021       33.578960
       9031       33.538370
       9041       33.497820
       9051       33.457320
       9061       33.416870
       9071       33.376480
       9081       33.336120
       9091       33.295820
       9101       33.255570
       9111       33.215360
       9121       33.175210
       9131       33.135100
       9141       33.095040
       9151       33.055030
       9161       33.015070
       9171       32.975150
       9181       32.935290
       9191       32.895470
       9201       32.855700
       9211       32.815980
       9221       32.776310
       9231       32.736680
       9241       32.697100
       9251       32.657570
       9261       32.618090
       9271       32.578660
       9281       32.539270
       9291       32.499930
       9301       32.460640
       9311       32.421390
       9321       32.382200
       9331       32.343050
       9341       32.303950
       9351       32.264890
       9361       32.225890
       9371       32.186920
       9381       32.148010
       9391       32.109150
       9401       32.070330
       9411       32.031560
       9421       31.992830
       9431       31.954150
       9441       31.915520
       9451       31.876940
       9461       31.838400
       9471       31.799910
       9481       31.761460
       9491       31.723060
       9501       31.684710
       9511       31.646400
       9521       31.608140
       9531       31.569930
       9541       31.531760
       9551       31.493640
       9561       31.455570
       9571       31.417540
       9581       31.379560
       9591       31.341620
       9601       31.303730
       9611       31.265880
       9621       31.228080
       9631       31.190330
       9641       31.152620
       9651       31.114960
       9661       31.077340
       9671       31.039770
       9681       31.002240
       9691       30.964760
       9701       30.927330
       9711       30.889940
       9721       30.852590
       9731       30.815290
       9741       30.778040
       9751       30.740830
       9761       30.703660
       9771       30.666550
       9781       30.629470
       9791       30.592440
       9801       30.555450
       9811       30.518510
       9821       30.481620
       9831       30.444770
       9841       30.407960
       9851       30.371200
       9861       30.334480
       9871       30.297810
       9881       30.261180
       9891       30.224590
       9901       30.188050
       9911       30.151560
       9921       30.115100
       9931       30.078700
       9941       30.042330
       9951       30.006010
       9961       29.969730
       9971       29.933500
       9981       29.897310
       9991       29.861170
