          10
    -2.    5.    1.    3.    4.   -1.    2.   -1.   -5.   -2.   -5.
     6.    4.   -1.    6.   -4.   -5.    3.   -1.    4.    3.   -6.
    -6.   -5.   -2.   -2.   -3.    6.    4.    2.   -6.    4.   -7.
     2.    4.    4.    4.    5.   -4.    0.    0.   -4.    6.    0.
    -4.   -1.    3.   -3.   -4.   -4.   -4.    4.    3.   -3.    5.
     4.    3.    5.    1.    1.    1.    0.    3.    3.    6.   -8.
     1.    2.   -2.    0.    3.   -5.    5.    0.    1.   -4.    1.
    -3.   -4.    2.   -1.   -2.    5.   -1.   -1.   -4.    1.   -4.
     5.    5.   -2.   -5.    1.   -4.   -1.    0.   -2.   -3.   -7.
    -5.   -2.   -5.    2.    1.   -3.    4.   -1.   -4.    4.    6.
